1057240
1094520
1116170
1118200
1129580
113420
1147550
1147560
1211020
1222670
1229490
1241100
1266680
1274570
1313860
1363080
1366800
1380400
1399780
1408720
1468810
1476970
1483870
1520470
1533390
1569040
1611910
1619450
1627140
1812620
1824220
1840
1904540
1929610
1938090
1952920
1987080
2021910
203770
206440
206500
207230
214420
218620
2195250
224540
224600
227300
2280
230410
2310
231060
231430
2322560
23310
239820
2399830
24010
240320
24200
2420510
242720
245170
2479810
252130
253960
255710
259080
261030
263500
265630
2670630
269210
270880
273110
281990
282440
286160
286940
289130
299360
301520
302830
304050
304670
3097560
311860
316010
323850
332070
334230
335240
341800
346330
346900
349700
355840
35700
364470
365670
372000
389570
39210
397900
407530
418070
427730
431730
431960
435150
4356430
436150
437900
438040
440900
448510
453480
466240
476480
482730
49520
506540
537180
544730
550900
552100
552990
560130
568220
582010
585690
601510
603850
613010
620980
627690
629520
629730
630100
63380
635260
638070
644560
648800
657200
65790
666220
730
736220
736590
738060
766570
767560
809960
8190
838350
844870
858820
871720
880940
881020
893520
899440
921630
96100
977950
993090
99900
